23.000000       16.000000       21.000000       21.000000       20.000000       18.000000       18.000000       20.000000
16.000000       14.000000       15.000000       15.000000       15.000000       14.000000       13.000000       16.000000
21.000000       15.000000       20.000000       19.000000       19.000000       16.000000       17.000000       19.000000
21.000000       15.000000       19.000000       23.000000       19.000000       18.000000       19.000000       19.000000
20.000000       15.000000       19.000000       19.000000       20.000000       16.000000       16.000000       18.000000
18.000000       14.000000       16.000000       18.000000       16.000000       17.000000       15.000000       17.000000
18.000000       13.000000       17.000000       19.000000       16.000000       15.000000       17.000000       17.000000
20.000000       16.000000       19.000000       19.000000       18.000000       17.000000       17.000000       20.000000